253338352
595344550
595344550
595344550
595344550
595344550
595344550
595344550
595344550
595344550
595344550
595344550
595344550
595344550
595344550
595344550
595344550
595344550
595344550
595344550
595344550
595344550
595344550
595344550
595344550
595344550
595344550
595344550
595344550
595344550
595344550
595344550
595344550
802841899
802841899
802841899
802841899
826414346
826414346
826414346
826414346
826414346
826414346
826414346
826414346
826414346
829814000
829814000
829814000
829814000
1882931173
